104 300
107 336
110 371
114 408
127 444
150 473
181 496
217 513
253 518
288 510
322 491
354 469
376 439
387 403
390 366
395 329
398 291
128 275
144 259
167 253
190 255
214 264
264 260
288 250
314 245
339 250
360 264
241 291
242 318
243 344
243 369
216 382
229 385
245 389
260 383
275 378
155 299
169 287
187 288
205 302
187 306
168 306
283 298
298 282
317 280
333 290
319 299
300 301
179 412
204 407
228 406
246 406
261 403
288 401
317 404
293 437
267 451
250 453
231 452
205 442
187 413
229 416
247 416
263 413
309 406
265 435
248 438
230 438
