122 259
129 295
138 331
148 366
166 398
194 425
228 444
265 457
302 457
334 446
358 421
378 392
392 361
396 327
395 292
393 259
390 225
150 238
167 220
191 213
217 216
243 224
287 219
308 208
331 201
355 201
372 214
269 240
275 263
280 287
286 311
256 328
270 330
286 332
298 326
309 319
186 253
200 243
217 242
233 250
218 255
201 257
301 243
315 233
332 231
346 237
333 243
317 244
227 372
250 361
272 354
288 354
302 348
323 346
342 347
330 370
312 385
296 390
280 392
255 388
235 373
274 362
290 360
304 355
335 350
308 370
293 376
277 378
0 0
0 665
499 0
499 665
