36 1 17
1 36 2
69 68 0
69 0 1
14 54 35
54 14 13
69 1 2
1 0 17
2 36 41
69 2 3
31 29 30
29 31 39
69 4 5
4 69 3
3 2 48
58 7 59
7 58 8
69 5 6
4 3 48
31 50 49
50 31 32
69 6 7
5 4 48
31 49 48
69 7 71
6 5 59
46 14 35
14 46 15
71 7 8
7 6 59
71 8 9
71 9 10
9 8 57
40 38 39
38 40 37
71 11 12
11 71 10
10 9 56
39 21 27
21 39 38
71 12 13
11 10 55
39 31 40
71 13 70
12 11 54
37 40 41
13 12 54
36 18 37
18 36 17
70 13 14
37 18 19
70 14 15
70 15 16
16 15 45
44 24 25
24 44 23
17 68 18
68 17 0
2 31 48
31 2 41
35 47 46
47 35 29
18 68 19
23 68 24
68 23 20
19 20 37
20 19 68
21 22 27
22 21 20
42 22 43
22 42 27
29 42 47
42 29 28
20 21 38
27 42 28
47 44 46
44 47 43
22 20 23
22 23 43
43 23 44
24 70 25
70 24 68
26 70 16
70 26 25
16 45 26
25 26 45
35 30 29
30 35 34
27 28 39
11 55 54
59 5 48
28 29 39
34 52 33
52 34 53
61 49 50
49 61 67
51 33 52
33 51 50
62 61 51
61 62 67
31 30 32
57 8 58
32 30 33
62 63 65
63 62 51
32 33 50
33 30 34
35 54 53
34 35 53
20 38 37
36 37 41
40 31 41
46 44 45
44 25 45
42 43 47
15 46 45
48 49 60
67 62 66
56 9 57
50 51 61
10 56 55
51 52 63
54 55 64
52 53 63
53 54 64
63 53 65
53 55 65
55 53 64
55 56 65
49 67 59
56 57 66
49 59 60
57 58 66
59 48 60
58 59 67
67 66 58
66 65 56
65 66 62
