70 264
71 303
73 341
75 381
80 421
93 456
118 483
149 503
188 512
232 509
279 498
324 480
358 450
379 411
390 367
398 322
405 274
90 216
106 199
131 197
157 204
180 215
231 218
260 206
292 201
325 207
349 229
200 247
197 271
193 295
188 319
168 349
179 353
191 356
207 354
222 351
117 252
133 244
152 244
166 258
149 261
130 260
256 260
275 249
295 248
313 258
295 264
274 264
146 419
161 403
178 392
189 396
202 393
224 405
250 423
226 437
203 441
190 441
176 438
161 431
156 417
177 407
190 408
203 408
239 421
203 424
190 423
177 421
0 0
0 665
499 0
499 665
