40 29 30
29 40 39
1 69 68
69 1 2
1 68 0
50 61 49
61 50 51
69 2 3
1 0 36
31 3 2
3 31 49
2 1 31
3 48 4
48 3 49
69 3 4
50 31 32
31 50 49
69 5 6
5 69 4
31 1 41
69 6 7
5 4 48
33 30 34
30 33 32
69 7 8
6 5 48
21 27 39
27 21 22
69 8 9
7 6 59
30 35 34
35 30 29
69 9 71
8 7 57
14 35 46
35 14 54
71 9 10
9 8 56
71 10 11
10 9 55
71 11 12
11 10 54
42 29 28
29 42 35
71 13 14
13 71 12
12 11 54
10 55 54
71 14 15
13 12 54
20 37 19
37 20 38
71 15 16
14 13 54
37 40 41
40 37 38
71 16 70
15 14 46
17 37 36
37 17 18
16 15 45
37 18 19
0 68 17
17 36 0
18 68 19
68 18 17
68 20 19
20 68 23
22 21 23
20 23 21
42 27 22
27 42 28
20 21 38
42 22 43
43 24 44
24 43 23
22 23 43
23 68 24
24 70 25
70 24 68
26 70 16
70 26 25
24 25 44
16 45 26
25 26 45
40 31 41
31 40 30
1 36 41
27 28 39
65 53 55
53 65 63
28 29 39
51 63 62
63 51 52
56 8 57
58 7 59
7 58 57
31 30 32
51 33 52
33 51 50
32 33 50
35 54 53
33 34 52
43 46 47
46 43 44
34 35 52
46 44 45
40 38 39
36 37 41
38 21 39
35 42 47
42 43 47
44 25 45
15 46 45
46 35 47
6 48 59
48 49 60
66 57 58
57 66 65
63 52 53
52 35 53
55 9 56
53 54 64
54 55 64
55 53 64
55 56 65
62 67 61
67 62 66
56 57 65
61 60 49
60 61 67
60 67 59
58 59 67
59 48 60
61 51 62
63 65 66
62 63 66
66 58 67
