141 260
145 298
150 337
161 374
179 409
207 436
243 458
284 469
321 470
351 461
368 439
380 409
386 377
389 345
391 313
389 284
385 257
192 236
212 216
241 205
271 205
301 211
324 213
344 207
365 208
382 216
388 235
315 237
320 257
325 276
331 296
292 322
307 325
323 328
335 325
346 320
226 244
241 234
258 232
273 245
258 247
241 248
330 247
345 234
360 235
369 246
360 251
344 249
271 376
292 365
311 359
324 362
333 358
344 365
352 376
343 384
333 386
323 387
310 386
292 383
279 374
311 369
323 371
333 369
347 374
333 373
323 373
311 372
0 0
0 665
499 0
499 665
